<?xml version="1.0" encoding="UTF-8"?>
<kml xmlns="http://www.opengis.net/kml/2.2" xmlns:gx="http://www.google.com/kml/ext/2.2" xmlns:kml="http://www.opengis.net/kml/2.2" xmlns:atom="http://www.w3.org/2005/Atom">
<Document>
	<Style id="polygonstyle">
		<LineStyle>
			<color>ff000000</color>
			<width>0.28</width>
		</LineStyle>
		<PolyStyle>
			<color>c4ffffb9</color>
		</PolyStyle>
	</Style>
	<Placemark>
		<Snippet maxLines="0">snippet</Snippet>
		<description><![CDATA[<table><tr><td>amenity</td><td></td></tr><tr><td>highway</td><td></td></tr><tr><td>name</td><td></td></tr><tr><td>natural</td><td>water</td></tr><tr><td>phone</td><td></td></tr><tr><td>type0</td><td></td></tr></table>]]></description>
		<styleUrl>#polygonstyle</styleUrl>
		<Polygon>
			<tessellate>1</tessellate>
			<outerBoundaryIs>
				<LinearRing>
					<tessellate>1</tessellate>
					<coordinates>
						153.055443749534,-26.7236471498395,0 153.055575172175,-26.7237698822773,0 153.055699889955,-26.7239564521395,0 153.055720899936,-26.7240617496418,0 153.055741909955,-26.7241670471395,0 153.055789204942,-26.7243174146461,0 153.055825999916,-26.7243958996514,0 153.055862794942,-26.7244743846461,0 153.055945729982,-26.724550119668,0 153.056010299974,-26.7245641996827,0 153.056074869982,-26.724578279668,0 153.056347659932,-26.7246002177215,0 153.056616499903,-26.7246129504762,0 153.056885339932,-26.7246256827215,0 153.057196222408,-26.7246695797348,0 153.057307349869,-26.7247104997785,0 153.057418477408,-26.7247514197348,0 153.057545647498,-26.72478654215,0 153.057589949997,-26.7247885496569,0 153.057634252498,-26.72479055715,0 153.057666832482,-26.7246336196403,0 153.057662349974,-26.7244397996431,0 153.057660108726,-26.7243428896424,0 153.057607074874,-26.724250396671,0 153.057523436977,-26.7241794465668,0 153.057439799184,-26.7241084964123,0 153.057325557358,-26.7240590890537,0 153.057200899847,-26.7240483503585,0 153.056951584893,-26.7240268726393,0 153.056584789702,-26.7239483924571,0 153.056385799573,-26.7238739500973,0 153.056186809702,-26.7237995074571,0 153.055965004918,-26.7236924971769,0 153.055892899883,-26.7236361496955,0 153.055820794918,-26.7235798021769,0 153.055705279908,-26.7234793846737,0 153.055636199867,-26.7234129996908,0 153.055567119908,-26.7233466146736,0 153.055455317506,-26.7232961246711,0 153.055387750009,-26.72330079968719,0 153.055320182506,-26.7233054746711,0 153.05525137751,-26.7233351071364,0 153.055234850015,-26.7233666496374,0 153.05521832251,-26.7233981921364,0 153.055312327175,-26.7235244172773,0 153.055443749534,-26.7236471498395,0 
					</coordinates>
				</LinearRing>
			</outerBoundaryIs>
		</Polygon>
	</Placemark>
	<Placemark>
		<Snippet maxLines="0">snippet</Snippet>
		<description><![CDATA[<table><tr><td>amenity</td><td></td></tr><tr><td>highway</td><td></td></tr><tr><td>name</td><td></td></tr><tr><td>natural</td><td>water</td></tr><tr><td>phone</td><td></td></tr><tr><td>type0</td><td></td></tr></table>]]></description>
		<styleUrl>#polygonstyle</styleUrl>
		<Polygon>
			<tessellate>1</tessellate>
			<outerBoundaryIs>
				<LinearRing>
					<tessellate>1</tessellate>
					<coordinates>
						153.05162815044,-26.721838400341,0 153.051381832807,-26.7219001101271,0 153.0511250175,-26.7219505996711,0 153.05105745,-26.7219505996872,0 153.0509898825,-26.7219505996711,0 153.050923530013,-26.7219912121359,0 153.050910000019,-26.7220408496367,0 153.050896470013,-26.7220904871359,0 153.050925944999,-26.7221322021539,0 153.050975499998,-26.7221335496626,0 153.051025054999,-26.7221348971539,0 153.051165139951,-26.72215244725439,0 153.05128679993,-26.7221725498066,0 153.051408459951,-26.7221926522544,0 153.051623492538,-26.7221981422959,0 153.051764650055,-26.7221847498661,0 153.051835228801,-26.7221780535985,0 153.051938406138,-26.7221950118014,0 153.052047781246,-26.7222277275188,0 153.052157156417,-26.7222604431516,0 153.052272729426,-26.7223089162793,0 153.05236809938,-26.7223652500617,0 153.052558839567,-26.7224779174323,0 153.052762825019,-26.7225569371619,0 153.052821400027,-26.722540849674,0 153.052850687525,-26.722532805921,0 153.052829392848,-26.7224813147845,0 153.052771492115,-26.722404836516,0 153.05271359146,-26.722328358223,0 153.052619084899,-26.722226892737,0 153.052501948538,-26.7221189002863,0 153.052384812399,-26.722010907737,0 153.0522279421,-26.7219253553283,0 153.052069566267,-26.7218745148059,0 153.051911190574,-26.7218236741062,0 153.051751309157,-26.7218075452875,0 153.05162815044,-26.721838400341,0 
					</coordinates>
				</LinearRing>
			</outerBoundaryIs>
		</Polygon>
	</Placemark>
	<Placemark>
		<Snippet maxLines="0">snippet</Snippet>
		<description><![CDATA[<table><tr><td>amenity</td><td></td></tr><tr><td>highway</td><td></td></tr><tr><td>name</td><td></td></tr><tr><td>natural</td><td>water</td></tr><tr><td>phone</td><td></td></tr><tr><td>type0</td><td></td></tr></table>]]></description>
		<styleUrl>#polygonstyle</styleUrl>
		<Polygon>
			<tessellate>1</tessellate>
			<outerBoundaryIs>
				<LinearRing>
					<tessellate>1</tessellate>
					<coordinates>
						153.0640095,-26.7252919996341,0 153.0639168,-26.7256540996341,0 153.0641331,-26.7261542996341,0 153.0643609,-26.7263059996341,0 153.064805,-26.7259782996341,0 153.0652568,-26.7260300996341,0 153.0653186,-26.7259093996341,0 153.0655001,-26.7255747996341,0 153.065531,-26.7252953996341,0 153.0652645,-26.7253160996341,0 153.0646312,-26.72548169963409,0 153.0640095,-26.7252919996341,0 
					</coordinates>
				</LinearRing>
			</outerBoundaryIs>
		</Polygon>
	</Placemark>
	<Placemark>
		<Snippet maxLines="0">snippet</Snippet>
		<description><![CDATA[<table><tr><td>amenity</td><td></td></tr><tr><td>highway</td><td></td></tr><tr><td>name</td><td></td></tr><tr><td>natural</td><td>water</td></tr><tr><td>phone</td><td></td></tr><tr><td>type0</td><td></td></tr></table>]]></description>
		<styleUrl>#polygonstyle</styleUrl>
		<Polygon>
			<tessellate>1</tessellate>
			<outerBoundaryIs>
				<LinearRing>
					<tessellate>1</tessellate>
					<coordinates>
						153.066868599895,-26.7191461996621,0 153.066916394927,-26.7192220996536,0 153.066961597485,-26.719365694636,0 153.066969049978,-26.7194652996369,0 153.06697277623,-26.7195151021367,0 153.067042628795,-26.7195491217752,0 153.067152167357,-26.719563812444,0 153.067261705947,-26.7195785030282,0 153.06741093048,-26.7195738645206,0 153.067573400519,-26.7195463508636,0 153.06773587048,-26.7195188370206,0 153.067958512169,-26.7195023635051,0 153.06818633412,-26.7194979865863,0 153.068414156053,-26.7194936093017,0 153.068647158345,-26.7195013285804,0 153.068830349562,-26.7195222011988,0 153.069196732194,-26.7195639457254,0 153.069605107465,-26.7196089672772,0 153.069737849949,-26.7196222498393,0 153.069870592465,-26.7196355322772,0 153.070017427545,-26.719607587152,0 153.070064150064,-26.7195601496598,0 153.070110872545,-26.719512712152,0 153.070156052518,-26.7193869821363,0 153.070164550026,-26.7192807496374,0 153.070168798774,-26.7192276333871,0 153.070147033694,-26.7191645971745,0 153.070108545163,-26.7191058269139,0 153.070070056672,-26.7190470566423,0 153.070014844759,-26.7189925523045,0 153.069952199739,-26.7189564998185,0 153.069826909818,-26.7188843947627,0 153.069404651367,-26.7187074333803,0 153.069013848376,-26.7185632514208,0 153.068623046367,-26.7184190683803,0 153.068188594917,-26.7182770472939,0 153.068048399881,-26.7182476498633,0 153.06797830239,-26.7182329510959,0 153.067894378141,-26.718246166717,0 153.067815634227,-26.71827929921,0 153.067736890267,-26.7183124316593,0 153.067663326592,-26.7183654809919,0 153.06761395037,-26.7184304497507,0 153.067515197758,-26.7185603872154,0 153.06728754284,-26.7187435373965,0 153.067108050487,-26.7188374500103,0 153.067018304201,-26.7188844062319,0 153.066946492845,-26.718942618652,0 153.066903092402,-26.7189985795072,0 153.066859691917,-26.7190545403487,0 153.066844702403,-26.7191082496599,0 153.066868599895,-26.7191461996621,0 
					</coordinates>
				</LinearRing>
			</outerBoundaryIs>
		</Polygon>
	</Placemark>
	<Placemark>
		<Snippet maxLines="0">snippet</Snippet>
		<description><![CDATA[<table><tr><td>amenity</td><td></td></tr><tr><td>highway</td><td></td></tr><tr><td>name</td><td></td></tr><tr><td>natural</td><td>water</td></tr><tr><td>phone</td><td></td></tr><tr><td>type0</td><td></td></tr></table>]]></description>
		<styleUrl>#polygonstyle</styleUrl>
		<Polygon>
			<tessellate>1</tessellate>
			<outerBoundaryIs>
				<LinearRing>
					<tessellate>1</tessellate>
					<coordinates>
						153.0625382,-26.7258196996341,0 153.0625189,-26.7259920996341,0 153.0627428,-26.7260817996341,0 153.0628857,-26.7260058996341,0 153.0632024,-26.7261955996341,0 153.0638666,-26.7258610996341,0 153.0637469,-26.7253850996341,0 153.0636619,-26.7251677996341,0 153.0633375,-26.725191899634,0 153.0632719,-26.7254264996341,0 153.0629861,-26.7255540996341,0 153.0628046,-26.7257403996341,0 153.0625382,-26.7258196996341,0 
					</coordinates>
				</LinearRing>
			</outerBoundaryIs>
		</Polygon>
	</Placemark>
	<Placemark>
		<Snippet maxLines="0">snippet</Snippet>
		<description><![CDATA[<table><tr><td>amenity</td><td></td></tr><tr><td>highway</td><td></td></tr><tr><td>name</td><td></td></tr><tr><td>natural</td><td>water</td></tr><tr><td>phone</td><td></td></tr><tr><td>type0</td><td></td></tr></table>]]></description>
		<styleUrl>#polygonstyle</styleUrl>
		<Polygon>
			<tessellate>1</tessellate>
			<outerBoundaryIs>
				<LinearRing>
					<tessellate>1</tessellate>
					<coordinates>
						153.0759344,-26.723674299634,0 153.0757799,-26.724119299634,0 153.075386,-26.724633199634,0 153.0747913,-26.724891899634,0 153.074243,-26.724781499634,0 153.0738182,-26.724722899634,0 153.0738298,-26.7250504996341,0 153.0740885,-26.725191899634,0 153.0748685,-26.7252919996341,0 153.075386,-26.725398899634,0 153.0757258,-26.7252367996341,0 153.0762394,-26.7252160996341,0 153.0767994,-26.7248366996341,0 153.0768998,-26.724464199634,0 153.0766642,-26.724057199634,0 153.0762588,-26.723929499634,0 153.0759344,-26.723674299634,0 
					</coordinates>
				</LinearRing>
			</outerBoundaryIs>
		</Polygon>
	</Placemark>
	<Placemark>
		<Snippet maxLines="0">snippet</Snippet>
		<description><![CDATA[<table><tr><td>amenity</td><td></td></tr><tr><td>highway</td><td></td></tr><tr><td>name</td><td></td></tr><tr><td>natural</td><td>water</td></tr><tr><td>phone</td><td></td></tr><tr><td>type0</td><td></td></tr></table>]]></description>
		<styleUrl>#polygonstyle</styleUrl>
		<Polygon>
			<tessellate>1</tessellate>
			<outerBoundaryIs>
				<LinearRing>
					<tessellate>1</tessellate>
					<coordinates>
						153.0662493,-26.7254885996341,0 153.0662608,-26.7256092996341,0 153.0664964,-26.7259300996341,0 153.0667938,-26.7260196996341,0 153.0670679,-26.7259679996341,0 153.0673074,-26.7260783996341,0 153.0679638,-26.7259541996341,0 153.0684504,-26.7257713996341,0 153.0690644,-26.7257851996341,0 153.0695587,-26.7256126996341,0 153.0694776,-26.725298899634,0 153.0691301,-26.725319599634,0 153.0688791,-26.7254057996341,0 153.0684659,-26.7254160996341,0 153.06796,-26.7256575996341,0 153.0672301,-26.7256402996341,0 153.0666432,-26.725350599634,0 153.0662493,-26.7254885996341,0 
					</coordinates>
				</LinearRing>
			</outerBoundaryIs>
		</Polygon>
	</Placemark>
	<Placemark>
		<Snippet maxLines="0">snippet</Snippet>
		<description><![CDATA[<table><tr><td>amenity</td><td></td></tr><tr><td>highway</td><td></td></tr><tr><td>name</td><td></td></tr><tr><td>natural</td><td>water</td></tr><tr><td>phone</td><td></td></tr><tr><td>type0</td><td></td></tr></table>]]></description>
		<styleUrl>#polygonstyle</styleUrl>
		<Polygon>
			<tessellate>1</tessellate>
			<outerBoundaryIs>
				<LinearRing>
					<tessellate>1</tessellate>
					<coordinates>
						153.0699642,-26.7248159996341,0 153.0700685,-26.725053999634,0 153.0702461,-26.7250573996341,0 153.0705898,-26.725153999634,0 153.0709798,-26.725043599634,0 153.0712772,-26.725084999634,0 153.0715012,-26.7253057996341,0 153.07198,-26.7251436996341,0 153.0721422,-26.7252643996341,0 153.0724395,-26.7253091996341,0 153.0729531,-26.7250504996341,0 153.0731153,-26.724733199634,0 153.0729918,-26.724546999634,0 153.0725786,-26.724515899634,0 153.0722387,-26.724412399634,0 153.0717483,-26.724460699634,0 153.0713274,-26.724288299634,0 153.0710686,-26.724212399634,0 153.0708331,-26.724436599634,0 153.0704971,-26.724481399634,0 153.0699642,-26.7248159996341,0 
					</coordinates>
				</LinearRing>
			</outerBoundaryIs>
		</Polygon>
	</Placemark>
	<Placemark>
		<Snippet maxLines="0">snippet</Snippet>
		<description><![CDATA[<table><tr><td>amenity</td><td></td></tr><tr><td>highway</td><td></td></tr><tr><td>name</td><td></td></tr><tr><td>natural</td><td>water</td></tr><tr><td>phone</td><td></td></tr><tr><td>type0</td><td></td></tr></table>]]></description>
		<styleUrl>#polygonstyle</styleUrl>
		<Polygon>
			<tessellate>1</tessellate>
			<outerBoundaryIs>
				<LinearRing>
					<tessellate>1</tessellate>
					<coordinates>
						153.06479875122,-26.7204104003276,0 153.064555568351,-26.7205839801178,0 153.064347915015,-26.7207857596357,0 153.064337300022,-26.7208587996365,0 153.064326685015,-26.7209318396357,0 153.064364912464,-26.7210172046609,0 153.064422249948,-26.7210484996726,0 153.064479587464,-26.7210797946609,0 153.064627300021,-26.7210984247573,0 153.064750500031,-26.7210898998107,0 153.064873700021,-26.7210813747573,0 153.065084705073,-26.7210524622813,0 153.065219400105,-26.7210256498453,0 153.065354095073,-26.7209988372814,0 153.065530472552,-26.7209507096872,0 153.065611350075,-26.7209186997103,0 153.065692227552,-26.7208866896872,0 153.065769695011,-26.7208278971357,0 153.065783500016,-26.7207880496365,0 153.065797305011,-26.7207482021358,0 153.06585378005,-26.720679127159,0 153.065909000071,-26.7206345496698,0 153.06596422005,-26.720589972159,0 153.066138865686,-26.7203773248436,0 153.066297100983,-26.7201619999346,0 153.066455335686,-26.7199466748436,0 153.066607390056,-26.71968823964171,0 153.06663500008,-26.719587699645,0 153.066662610056,-26.7194871596417,0 153.06664348494,-26.7193575596557,0 153.066592499915,-26.7192996996652,0 153.06654151494,-26.7192418396557,0 153.066441592476,-26.7191805271751,0 153.066370449965,-26.719163449693,0 153.066299307476,-26.7191463721751,0 153.066114245335,-26.71922010483051,0 153.06595920048,-26.7193272999157,0 153.065804155335,-26.7194344948305,0 153.06557911038,-26.7196510347543,0 153.065459100545,-26.7198084998065,0 153.06533909038,-26.7199659647543,0 153.065041933351,-26.7202368201178,0 153.06479875122,-26.7204104003276,0 
					</coordinates>
				</LinearRing>
			</outerBoundaryIs>
		</Polygon>
	</Placemark>
	<Placemark>
		<Snippet maxLines="0">snippet</Snippet>
		<description><![CDATA[<table><tr><td>amenity</td><td></td></tr><tr><td>highway</td><td></td></tr><tr><td>name</td><td></td></tr><tr><td>natural</td><td></td></tr><tr><td>phone</td><td></td></tr><tr><td>type0</td><td></td></tr></table>]]></description>
		<styleUrl>#polygonstyle</styleUrl>
		<Polygon>
			<tessellate>1</tessellate>
			<outerBoundaryIs>
				<LinearRing>
					<tessellate>1</tessellate>
					<coordinates>
						153.064468877543,-26.7175517429764,0 153.064452772758,-26.7175639931949,0 153.064449060318,-26.7175740118015,0 153.064449068466,-26.7175884806831,0 153.064450311587,-26.7175951580656,0 153.064461474608,-26.7176107348716,0 153.064491227416,-26.7176251902386,0 153.064528407612,-26.7176240603458,0 153.064563110342,-26.7176251575527,0 153.064582946395,-26.7176362784383,0 153.064595353824,-26.7176607585967,0 153.064597840085,-26.7176741133589,0 153.064623874214,-26.7176874573994,0 153.064662293161,-26.7176852139162,0 153.064693272164,-26.7176762958676,0 153.06471680933,-26.7176573642858,0 153.064730428453,-26.7176328722687,0 153.06472297844,-26.7176083898611,0 153.064719257211,-26.7176028266024,0 153.064708094785,-26.7175883628076,0 153.064682067588,-26.717587261682,0 153.064632492545,-26.7175861712785,0 153.064600268548,-26.7175850729602,0 153.064572998853,-26.7175784074243,0 153.064550686601,-26.7175717396283,0 153.064520934427,-26.7175583972646,0 153.064468877543,-26.7175517429764,0 
					</coordinates>
				</LinearRing>
			</outerBoundaryIs>
		</Polygon>
	</Placemark>
	<Placemark>
		<Snippet maxLines="0">snippet</Snippet>
		<description><![CDATA[<table><tr><td>amenity</td><td></td></tr><tr><td>highway</td><td></td></tr><tr><td>name</td><td></td></tr><tr><td>natural</td><td></td></tr><tr><td>phone</td><td></td></tr><tr><td>type0</td><td></td></tr></table>]]></description>
		<styleUrl>#polygonstyle</styleUrl>
		<Polygon>
			<tessellate>1</tessellate>
			<outerBoundaryIs>
				<LinearRing>
					<tessellate>1</tessellate>
					<coordinates>
						153.062242056682,-26.7156187745392,7.67660626496402 153.062219830975,-26.7156105291571,3.45447281923381 153.062191180814,-26.7156047768928,0 153.062178389653,-26.7156059917318,0 153.062165598493,-26.7156072065696,0 153.062146872489,-26.7156121616381,0 153.062136776311,-26.7156170029955,0 153.062126680132,-26.7156218443521,0 153.062113466859,-26.7156347119898,0 153.062107413481,-26.7156455977462,0 153.062101360102,-26.7156564835024,0 153.062099718306,-26.7156762716882,0 153.062103765047,-26.7156895714926,0 153.062107811789,-26.7157028712969,0 153.062119400517,-26.7157214901658,3.49246299039898 153.062129517776,-26.7157309467562,7.761028867553289 153.062139635036,-26.7157404033459,12.0295947447076 153.062160481011,-26.71573818256959,15.4979697447076 153.06217584216,-26.715726011697,15.4685288675533 153.062191203306,-26.7157138408227,15.439087990399 153.062221478022,-26.71568810658,15.4010978192338 153.062243119303,-26.7156688244893,15.384106264964 153.062264760576,-26.7156495423953,15.3671147106942 153.062264282393,-26.7156270199179,11.8987397106942 153.062242056682,-26.7156187745392,7.67660626496402 
					</coordinates>
				</LinearRing>
			</outerBoundaryIs>
		</Polygon>
	</Placemark>
	<Placemark>
		<Snippet maxLines="0">snippet</Snippet>
		<description><![CDATA[<table><tr><td>amenity</td><td></td></tr><tr><td>highway</td><td></td></tr><tr><td>name</td><td></td></tr><tr><td>natural</td><td></td></tr><tr><td>phone</td><td></td></tr><tr><td>type0</td><td></td></tr></table>]]></description>
		<styleUrl>#polygonstyle</styleUrl>
		<Polygon>
			<tessellate>1</tessellate>
			<outerBoundaryIs>
				<LinearRing>
					<tessellate>1</tessellate>
					<coordinates>
						153.062454109324,-26.7157351303505,0 153.062437808225,-26.7157198407119,0 153.06240628539,-26.7156931909653,0 153.062384058581,-26.7156759086898,0 153.062361831778,-26.7156586264108,0 153.062332140987,-26.7156580952993,0 153.062318079034,-26.715674728444,0 153.062304017077,-26.7156913615873,0 153.062280399481,-26.7157164031,0 153.062265595487,-26.71573037625,0 153.062250791489,-26.7157443493984,0 153.062229592852,-26.7157606833559,0 153.062218487408,-26.715766673934,0 153.062207381962,-26.7157726645112,0 153.062191633128,-26.7157824662099,0 153.06218349,-26.715788455487,0 153.06217534687,-26.7157944447637,0 153.062165051394,-26.7158042440701,0 153.062160611164,-26.7158102317238,0 153.062156170933,-26.7158162193774,0 153.062151327931,-26.7158243838286,0 153.062149848937,-26.7158283749488,0 153.062148369943,-26.715832366069,0 153.062143531667,-26.7158492370032,0 153.062139097211,-26.7158658659136,0 153.062134662754,-26.7158824948239,0 153.062124977922,-26.7159010003453,0 153.062117575363,-26.7159069892944,0 153.062110172802,-26.715912978243,0 153.06209442217,-26.7159195149996,0 153.062082573957,-26.7159215154195,0 153.062070725744,-26.7159235158384,0 153.062049413212,-26.7159284685939,3.42585 153.062021012335,-26.7159365744896,11.80015 153.061997398458,-26.7159686899722,11.80015 153.061968076501,-26.7160390885889,3.42585 153.061968803921,-26.716064617534,0 153.061984353979,-26.7160606202707,0 153.061999904036,-26.7160566230056,0 153.062027166784,-26.7160489929178,0 153.062044937862,-26.7160436645196,0 153.062062708939,-26.7160383361191,0 153.062086942321,-26.7160312514999,0 153.062098789823,-26.7160279209225,0 153.062110637325,-26.7160245903441,0 153.062132447275,-26.7160180509331,0 153.062147256378,-26.7160133888976,0 153.06216206548,-26.7160087268605,0 153.062183873946,-26.7159994666656,0 153.062195719635,-26.7159928106872,0 153.062207565323,-26.7159861547079,0 153.062227555694,-26.7159763511478,0 153.062240142683,-26.7159710249982,0 153.062252729671,-26.7159656988474,0 153.062281201279,-26.7159526266272,0 153.062303412921,-26.7159419756177,0 153.062325624558,-26.7159313246048,0 153.06235046057,-26.7159182539673,0 153.062358604061,-26.7159129297593,0 153.062366747552,-26.7159076055508,0 153.062380679785,-26.7158999812527,0 153.062389564579,-26.7158959868745,0 153.062398449373,-26.71589199249579,0 153.062412987532,-26.7158843679281,0 153.062421871599,-26.7158790433908,0 153.062430755664,-26.7158737188528,0 153.062445292037,-26.7158628293506,0 153.062454174649,-26.7158548444968,0 153.062463057259,-26.7158468596425,0 153.06247698532,-26.715831617162,0 153.062485125895,-26.715820972318,0 153.062493266468,-26.7158103274735,0 153.062499925449,-26.7157988972789,0 153.062499921818,-26.715792246493,0 153.062496281489,-26.7157835416107,0 153.062491834014,-26.7157762277029,0 153.06248738654,-26.715768913795,0 153.062470410428,-26.7157504199871,0 153.062454109324,-26.7157351303505,0 
					</coordinates>
				</LinearRing>
			</outerBoundaryIs>
		</Polygon>
	</Placemark>
	<Placemark>
		<Snippet maxLines="0">snippet</Snippet>
		<description><![CDATA[<table><tr><td>amenity</td><td></td></tr><tr><td>highway</td><td></td></tr><tr><td>name</td><td></td></tr><tr><td>natural</td><td></td></tr><tr><td>phone</td><td></td></tr><tr><td>type0</td><td></td></tr></table>]]></description>
		<styleUrl>#polygonstyle</styleUrl>
		<Polygon>
			<tessellate>1</tessellate>
			<outerBoundaryIs>
				<LinearRing>
					<tessellate>1</tessellate>
					<coordinates>
						153.061915692242,-26.7158382799196,9.099529582300599 153.061885477146,-26.7158083749076,4.89916249429572 153.061846909223,-26.715782099912,1.46249851320083 153.061829985732,-26.7157798910447,1.46249851320083 153.061813062241,-26.7157776821753,1.46249851320083 153.061792292993,-26.7157758779316,1.46249851320083 153.061783831847,-26.7157758816154,1.46249851320083 153.0617753707,-26.7157758852988,1.46249851320083 153.061762681217,-26.7157800354816,1.46249851320083 153.061755632995,-26.7157851042439,1.46249851320083 153.061748584772,-26.7157901730059,1.46249851320083 153.061741954655,-26.7157979471273,1.46249851320083 153.061740899403,-26.7158023800696,1.46249851320083 153.06173984415,-26.7158068130119,1.46249851320083 153.06173869427,-26.7158140666664,1.46249851320083 153.061738344113,-26.7158184993019,1.46249851320083 153.061737993956,-26.7158229319374,1.46249851320083 153.061737133641,-26.7158322577958,1.46249851320083 153.061736432302,-26.7158392234315,1.46249851320083 153.061735730963,-26.7158461890673,1.46249851320083 153.061738910742,-26.715858880704,1.46249851320083 153.061743498478,-26.7158674270684,1.46249851320083 153.061748086215,-26.7158759734326,1.46249851320083 153.061785789586,-26.7159063612917,5.02447351320083 153.061827283765,-26.7159349556331,9.377998513200829 153.061868777966,-26.7159635499622,13.7315235132008 153.061918005525,-26.7159657294674,17.1681874942957 153.061936678315,-26.7159397989868,17.0150295823006 153.061955351097,-26.7159138685036,16.8618716703055 153.061945907354,-26.715868184925,13.2998966703055 153.061915692242,-26.7158382799196,9.099529582300599 
					</coordinates>
				</LinearRing>
			</outerBoundaryIs>
		</Polygon>
	</Placemark>
	<Placemark>
		<Snippet maxLines="0">snippet</Snippet>
		<description><![CDATA[<table><tr><td>amenity</td><td></td></tr><tr><td>highway</td><td></td></tr><tr><td>name</td><td></td></tr><tr><td>natural</td><td></td></tr><tr><td>phone</td><td></td></tr><tr><td>type0</td><td></td></tr></table>]]></description>
		<styleUrl>#polygonstyle</styleUrl>
		<Polygon>
			<tessellate>1</tessellate>
			<outerBoundaryIs>
				<LinearRing>
					<tessellate>1</tessellate>
					<coordinates>
						153.066893040957,-26.7175241081336,0 153.066889284047,-26.717530864686,0 153.066889286021,-26.7175342420758,0 153.066896817214,-26.7175504500014,0 153.066905100186,-26.717565982094,0 153.066929190228,-26.7176010955979,0 153.066943492561,-26.7176200022398,0 153.06697133835,-26.7176463327487,0 153.067003692046,-26.7176638799078,0 153.067034541802,-26.7176821032481,0 153.067080431461,-26.7176942401698,0 153.067119544443,-26.7176942216756,0 153.067180459728,-26.7176759549413,0 153.067218050505,-26.7176455406243,0 153.067236841322,-26.7176225654656,0 153.067241332925,-26.7175860875177,0 153.067232294162,-26.7175644764997,0 153.06720595466,-26.7175415227191,0 153.067159307329,-26.7175199295021,0 153.067126203063,-26.7175050846457,0 153.067065259756,-26.7174753924214,0 153.067037421901,-26.7174625714897,0 153.066984766358,-26.7174565170508,0 153.066963705565,-26.7174565269905,0 153.066950919446,-26.7174578839797,0 153.066942648328,-26.7174626162288,0 153.06693062149,-26.7174761314648,0 153.066919350375,-26.7174957256469,0 153.066893040957,-26.7175241081336,0 
					</coordinates>
				</LinearRing>
			</outerBoundaryIs>
		</Polygon>
	</Placemark>
	<Placemark>
		<Snippet maxLines="0">snippet</Snippet>
		<description><![CDATA[<table><tr><td>amenity</td><td></td></tr><tr><td>highway</td><td></td></tr><tr><td>name</td><td></td></tr><tr><td>natural</td><td></td></tr><tr><td>phone</td><td></td></tr><tr><td>type0</td><td></td></tr></table>]]></description>
		<styleUrl>#polygonstyle</styleUrl>
		<Polygon>
			<tessellate>1</tessellate>
			<outerBoundaryIs>
				<LinearRing>
					<tessellate>1</tessellate>
					<coordinates>
						153.063753820622,-26.7171792698517,0 153.063731325461,-26.7172043733258,0 153.063719695997,-26.7172280778418,0 153.063722818948,-26.7172608372277,0 153.063728265388,-26.7172845340755,0 153.063737590391,-26.71730404695271,0 153.063746908796,-26.7173117101855,0 153.063791154825,-26.7173186606834,0 153.063807449511,-26.7173095918632,0 153.063820635984,-26.7172942510966,0 153.063824505989,-26.7172747322909,0 153.063826048626,-26.717257305646,0 153.063833799128,-26.7172370880565,0 153.063846984423,-26.7172196561737,0 153.063867160365,-26.7172112826383,0 153.063893552728,-26.7172154529862,0 153.063920723215,-26.7172231081688,0 153.063939347188,-26.7172154323603,0 153.063942446056,-26.7172049753933,0 153.06394244333,-26.7172000961281,0 153.063865562112,-26.7171290328673,0 153.06384925579,-26.7171171905579,0 153.063832954915,-26.717115106777,0 153.06381510363,-26.7171165088818,0 153.063798807418,-26.7171227895515,0 153.06378329243,-26.717138131363,0 153.063753820622,-26.7171792698517,0 
					</coordinates>
				</LinearRing>
			</outerBoundaryIs>
		</Polygon>
	</Placemark>
	<Placemark>
		<Snippet maxLines="0">snippet</Snippet>
		<description><![CDATA[<table><tr><td>amenity</td><td></td></tr><tr><td>highway</td><td></td></tr><tr><td>name</td><td></td></tr><tr><td>natural</td><td></td></tr><tr><td>phone</td><td></td></tr><tr><td>type0</td><td></td></tr></table>]]></description>
		<styleUrl>#polygonstyle</styleUrl>
		<Polygon>
			<tessellate>1</tessellate>
			<outerBoundaryIs>
				<LinearRing>
					<tessellate>1</tessellate>
					<coordinates>
						153.061865443644,-26.7199835963596,0 153.061904839417,-26.7200031582177,0 153.061956895414,-26.7200239777015,0 153.062010353253,-26.7200359544067,0 153.062053960007,-26.7200390932533,0 153.062103894471,-26.7200384398259,0 153.062158750713,-26.7200352578973,0 153.062221340582,-26.7200270199013,0 153.062259314353,-26.7200181610985,0 153.062284625843,-26.7200042551886,0 153.062310639945,-26.7199890858019,0 153.062321885631,-26.7199758176431,0 153.062336643719,-26.7199549689575,0 153.062342256065,-26.7199290716333,0 153.062339430797,-26.7199069675073,0 153.062329566964,-26.7198747611624,0 153.062323226202,-26.7198545533259,0 153.062303519879,-26.7198292987026,0 153.062276079264,-26.7198078369626,0 153.062243013589,-26.7197889040125,0 153.062212763208,-26.7197737593118,0 153.062175480809,-26.7197605124319,0 153.062136089875,-26.7197497927932,0 153.062119913166,-26.7197485367119,0 153.062096000784,-26.719748547178,0 153.062060134266,-26.7197523523603,0 153.062019348715,-26.7197637386668,0 153.061981378773,-26.7197795448053,0 153.061934967785,-26.7197928282904,0 153.061894186989,-26.7198130567058,0 153.061849888626,-26.719831391897,0 153.061839342792,-26.71983834389439,0 153.061833721123,-26.7198471884912,0 153.061828100817,-26.7198585594149,0 153.061826699324,-26.7198680337544,0 153.061822504737,-26.7199147726444,0 153.061823221351,-26.71993940402711,0 153.061828854287,-26.7199514016293,0 153.061842929293,-26.7199678166257,0 153.061865443644,-26.7199835963596,0 
					</coordinates>
				</LinearRing>
			</outerBoundaryIs>
		</Polygon>
	</Placemark>
	<Placemark>
		<Snippet maxLines="0">snippet</Snippet>
		<description><![CDATA[<table><tr><td>amenity</td><td></td></tr><tr><td>highway</td><td></td></tr><tr><td>name</td><td></td></tr><tr><td>natural</td><td></td></tr><tr><td>phone</td><td></td></tr><tr><td>type0</td><td></td></tr></table>]]></description>
		<styleUrl>#polygonstyle</styleUrl>
		<Polygon>
			<tessellate>1</tessellate>
			<outerBoundaryIs>
				<LinearRing>
					<tessellate>1</tessellate>
					<coordinates>
						153.063848106887,-26.7194829578124,0 153.063843890588,-26.7194892755289,0 153.063845306357,-26.71950569602251,0 153.06385657543,-26.7195347437211,0 153.063880502575,-26.7195612593932,0 153.063911463479,-26.7195890350573,0 153.064012785941,-26.7196723582011,0 153.064129579145,-26.719751884789,0 153.064233710879,-26.7198276275201,0 153.06426230382,-26.719844501862,12.696 153.064284367347,-26.7198604468399,0 153.064325168326,-26.7198768494798,0 153.064371597188,-26.7198957758826,0 153.064371607847,-26.7199147233349,0 153.064360371996,-26.7199450443628,0 153.064370231788,-26.7199690400027,0 153.064405407075,-26.7199867083349,0 153.064420894758,-26.7200132277441,0 153.06444482071,-26.7200372169919,0 153.064461699369,-26.7200359461616,0 153.064479981794,-26.7200296220362,0 153.064494038681,-26.7200131945187,0 153.064503874298,-26.7199942425912,0 153.064506679692,-26.7199803465142,0 153.064502445612,-26.719955085163,0 153.064492586505,-26.7199323526958,0 153.064481320078,-26.71990835770359,0 153.06445599109,-26.7198906849178,0 153.064443331579,-26.7198906906677,0 153.064416607365,-26.7198932291294,0 153.064384256701,-26.7198957701392,0 153.064375813473,-26.7198894581508,0 153.064337825706,-26.7198730542501,0 153.064297024016,-26.7198553884503,0 153.064292832734,-26.7198309953755,12.696 153.064283600992,-26.7198153997305,12.696 153.064273086781,-26.7198111885607,0 153.06414503841,-26.71972787768861,0 153.064052169599,-26.7196698141016,0 153.064021208639,-26.7196420384687,0 153.063983216767,-26.7196180554909,0 153.063956475664,-26.7195902779408,0 153.063921294923,-26.7195625041875,0 153.06389737059,-26.7195410411766,0 153.063895953403,-26.7195220943565,0 153.063888912606,-26.7195082027239,0 153.063879061416,-26.7194993650117,0 153.06387061613,-26.7194892635021,0 153.063857953138,-26.7194829533817,0 153.063857953138,-26.7194829533817,0 153.063848106887,-26.7194829578124,0 
					</coordinates>
				</LinearRing>
			</outerBoundaryIs>
		</Polygon>
	</Placemark>
</Document>
</kml>
